Matrix-A
21  61 40 56 55 18 10 78  29  46 13  7  89 38 32 89 93 42 80   6  71 78 25 33 98 64 29 79 62 27  72 74  90 100  38 50 65 83  49 47 50 61  78  89   1  55 34  69  78  35
15  33 93 66 18 79 30 79  76  42  1 77  59  6 67 69 99 65 83  74  71 25 72 10 60 38 66 90 78 20  76  7  17   4  84 84 28 66  77 73 60  1  22  66  24  46 90  14  63   7
41  94 98  4 44 14 60 47  93 100 60 52  44 59 50 97 28  1 12  14  49  3  3 30 59 41 60 70 99 28  74 23  55  25   0 26  0 48  93 35 59 21  50   9  36  97 85  32  70  77
46  26 22 65 30 97 56 30  70 100 56 12  50 54 85 80 46 92  3  58  88 68 14 29 60 36 42 32 75 72  92 35  40  72  61 44 23 19  69 31 88 41   3  62  66  92 33  57  84  21
61  75 61 19 63 38 19 41  59  91 57 36  54 11 33 41 77 71 89  64  40  1 47 24 42 91 86 16 90 31  73 40  91  63  35 73 44 58  91 67 48 18  28  86   4  79 73  11  14  13
70  76 66 24 90 42 96 15  73  90 18 18  88 36 42 32 68 21 72  45  88  8 82 98  9 16 17 46 53 98   4 79  37  44  77 93 64 19  92 57 17 62  98  81   2   9 82  21  35  40
30  57 36 44 12 98 85 40  57  56 99 51   5 64 11 95 58 14 53  39  41 87  2 93 31 22 41 10 40  2  93 72  42  78  17  6 77 95  65 74 66 53  71  60  54  65 62  81  87  94
16  60 43 11 51 25 55 37  76  38 69  8  38 41  6  5 98 80 52   1  45 50 42 24 66 81 11 69 14 92  13 25  31  64  33 79 89  1  97 33 29  6 100  26  14  50 70  58  26   4
38  99 65 96 49 28 94 64  94  89 91 78  30 62 71 50 52 17 22  16  86 16  6 38 45  8 82 46 79 76  39 74  64  88  45 83 34 31  67 47  7  3  69  24  13  96 31   7   1  51
26  34 61 24 67 72  6 26  63  59 64 84  89 67  5 48 68 91 49  86  31 71  1 12 75 83 77 97 35 15  61 56  59  12  63 96 81 18   5 30 50 43   2  46  94  98  7  89  23  19
84  93 34 13 19 51  0 53  94  33 30 23  37  3 92 70 11 90 37 100   8 82 11 33  4 40 74 23 19 39  81 54  64  72  17 92 70 30  39 96 41  4  76  45  76   8 72 100  41  30
87  60 83 78 16 13 26 48  24   8 40 41  14 19 34 79 15 89 96  24  39 58 82 75 68 30 53 10 51 50   1 88  17  28   2 50 28 50  19 81 36 96  96  76  52  31 19  97  30  87
11  63 11 39 89 93 18 26  24  53 92 13  55 16 65 36 89 35 48  37  32 80 64 13 62 75  1 39 56 84  97 77  60  41  36 20 28 49   2 77 71 58  17  45  75   7 29  96  11  25
90 100 50 51 52 67 16 75  64  17 66 39  84 62  6  1 22 98 61  98  87 91 95 64 33 79  2 33 45 26  63 47  55   3  34  1 51 93   9 16 64 88  50  18   2  71 35  49  61  61
17  25 95  8 11 74 73 49  94  55 81 86  20 83 35 30 98 52 59  36  10 14  6 66 75 95 33 62 35 22   0 83  80  79  71 33 78 26  82 74 64 24  86  76 100  26 73  27  74  36
40  18 60 78 88 31 94 74 100  91 93 35  40  1 42 33 62 11  1  15  95 69 14 89 64 14 81 97 52 34  38 20   6  11  17 97 51 40   9 12 57  3  68  68  59  80 31  40  62 100
96  78 77 67 54 94  9 43  43  98 14 56  30 34 50 65 95 36 74  54  90 50 57 70 99 35 38 89  9  8   8 28  69   4  38 29 58  8  57 15 21  9  60  52  16   0 79  33  23  79
 3  77 99 91 75 96 12 66  55  51 81 85  34  7  2 93 36 27 94  12  49 89 15 69 59 30 74 32 62 70  82 31  58  52  24 56 31  3  10 73  8 34  87  77  65   5 45  88  54  57
21  89 65 50 14 89 73 67  19  30 73 89  26 91 61 49 40 61 66  43  95 97 94  5 35  2 54 35  0 11  24  8  28  89 100 99 76 79 100 96 12 57  30  96  16  92 91  47  43  23
79  14 40 22  9 54  0 94  61  67 87 45  78 83 12 72 95 32 35  53  98 24 54 35  4 55 46 94 67 42  78 88 100  62  27 47 20 18  21 64 67 31  44   4  94  44 82  71  86  11
78  99 55 25  8 76 89 92  91  42 27 49 100 36 75 26 29 35 81  47  56 77  4 33 94 37 85 41 47 94  57 18  22  29  42 54 71 62  55  7 63 45 100  93  66  27 12  79  28  67
44   2 16  8 98 52 21 59   4  41 57  8   8 54 43 16  0 70  0  24  98  0 29 49 56  6 38 91 14 65  63  4  31  37  25 90 55  4  70 16  1 46  80  31  11  77 93  36  70  51
81  54  0 51 43 76 41 32  67  95 69 73  61 57 15  0  2  7 57  48  18 36 41 68 15  8 58 10 51  1  90 20  11  66  10 60 81  2  72 69 72 25  38  14  60  71 58  76  15  88
12  41 62 42 31 36 63 43  95  79 96 82  68 41 23 81 14 57 72   4  29 55  1 68 77 58 82 34 19 40   3  1  35  10  62 53 62 30  30 47 83 63  42  43  96  17 19   6  63  45
94  98 13 54  1 91 60 17  32  64 64 84  36 72 62 65 16 83 40  38 100 85 51 22 28 59 64 97 64 31  66 29  57  97  67 54 28 54  10 46 17 29  75  39  63  65  9  19  45  28
12  80 71 96 81 29 49 11  26  32 87 68  45 86 42 55  4 92 62  41  54 65 79 73 17 98 44  1 80 50  65 59  44  35  37 91 49 11  34 57 85 62  78  48  91  68 55  21  23  96
 4  36 87 18 60 29 92 91  99  63 81 11  14 43 12 83 24  1 95  28  60 12 45 62 61 92  7 26 29  6  90 39  29  61  68 97 12  0  17 74 96 40  26  57  28  45 38  35  28  69
73  94 64 29 25 18 20 51   4  75 95 55  84 91 45 59 73 75 71  74  59 88 34 46 83 40 50 32 36 65  37 41  69  45  97 83 79 80  41 84  0 69  54  53  10  73 35  86  26  72
40  99 38 86 54 91 29 90  95  23 14 55  11  7 35 91 64 89 16  64  16 68 52 83  7 88 11 12 35  6  89 41  95  79  46 51 54 65   5 61 21  4  49  21   5  25 55  11  84  61
71  25 86 44  1 40 74 25  59  28 52 34  28 87  9 11 21 13 96  46  20 87 27 70  7 84 23 59 76 54  20 66  93  62   4  8 82 46  62 70 81 77   4  14  58   5 67  91  97  64
53  75 26 62 23 79 69 29  43  13 95 43  47 17 75 86 97  0 46  43  20 77 56 32 70 29 72 17 18 82  99 41  16  37  90 24 56 65  34 64 23  4   0   3  61  14 27  21   0   8
51  24 32 44 76 87 84 83  46  59 52  7  25  6 23 50 45 56 28  88  92 50 85 44 73  5 99 41 18 20  56 60  33  46  44 23 52 48  37 40 16 46   6 100  67 100 12  64  86  58
75  47 54 34 13 53 55 42   3   5 30 10  57 54 60 41 91 77 21  75  25 20 43 69 32 22 44 74 61 72  29  6  39  79  50 19 17 48  12 15  0 49  88  46  21  35 85  54  67  14
22  92 90 85 51 73 32 99  92  37 82 64  35 86 45 93 37 47 54  28  50 41 51 83 53 70 26 22 36 31  40 80  53  77   9 69 69 80  82 30 73 26  75  30  79  15 78  37  88  16
26   0 76 51 66 91 41 27  83  90 36 50  10 85 60 43 45 61 94  86  63 53 59 20  7 11 67 38 63 14  45 76  78  89   1 40 85 52   9 29 23 56  81  80   5  93 59  87  79   8
60  71 67 41 24 87 49 16  64  19 73 11  32 22 98 30 46 34 67  23  64 27 21 77 76 91 47 57  6 94  10 31  51  17  91 99 56 25  91 74 41 25  72  68  64  80  1  80  84  91
52  27 13  7 23 69 10 92  61  74 70 94  53 95 54 40 30 77 75  14  66 95  5 17 74 15 73 68 87 99 100 47  24  41  69 12 53 57  73  3 44 87  92  11  82   2 58  30  26   7
71   5  3 51 81 28 70 21   4   4 25 79  82 33 41 30  0 96 45  37   3  4 70 21 50 34 63 47 56 33  71 42  55  20  98 22 19  0  58 74 30 37  14  17   4  48 57  73 100  91
89  15 47 31 97 95 61 15  84  34 82 10  49 41  6 72 83 26 10  29  13  8 39 39 48 97  0 45 96 61   0 97  98  63  39 65 15 82  53 46 98 77  82  71   2  17 60 100  35  67
51  77 19 76 68 90 74 28  64  26 92  5  37 41 56 21 18 88 84  57  76 41 15  0 83 88 67 35 29 62  89 42  24   0  90 69 98 93  52  4 81 43  39   5  57  29 76  37  84  29
12  39 73 95 57 88  4 45  43  77 67 30  11 50 87  5 49 58 99  94   4 22 80  2 36 57 75 81 81 34  54 66  89  99  58 45 31 60   7 68 58 70  47  23  28  44  4  51  61  85
90  89 86 57 50 56 96 95  86  65 86 46  95 53  5 34 18 70 60  47  95 87 99 68  1 71 20 53 89 50  71 33   2  56  82 12  4 38  96 76 33 70  59  74  71  83 25  37  29  51
50  40 35 69 99 93 82 69  45  11 64  4  45 64 63 24 94 78 58  54  66 60 89 73  2 96 90  1 19 15  44 80   1  73  27 99  0 91  36 42 28 28   8  76  70  90 21  27  21  97
 3  58 54 63  2 48  1 54  69  19 36 54  94  0 29 49 94 29 38  57  23 91 55 73 90 66 51 33 99 41  51 46  57  38  74 30 62 69  76 43 37 98  29  76  74  96 92   7  47  53
33  30 27 31 94 21 69 41  34   6 84 65  18 90 72 36 59 15 10   9  40 53 81 60 12 44 67 34 23 93  10 88  83   7  65 98 98 66  91 38 31  8  44   5  32   8  3   6   1  99
49  41 90 17 42 14 37 14  28  23 59 10  91 28  9 16 45 90 20  47  31 75 21 70 74 17 34 82 31 62  40 63   1  57  20 37 29 65  94 56 56 68  64  27  32 100 47  21   3  56
 4  39 29 44 93 21 10 91  57  82 24 43  27 98 92 18 87  4 70  86  52 85 85 83 40 23 44 69 20 57  49 21   9  51  72 42 52 42  44  0 18 85  32  30   3  75 44  56  19  93
 2  40 20 44  4 66  1  5  70  91 48 36  12 85 18 33 20 54 97   0  43 62  8 49 37 28 98 34 74 32  32 97  96   2  54 83 17 78  52 25 69 70  36  63  42  43  3  39  46  80
42  20 55 27 14 84 40 87  78  38 98 14   8 48 76 37 23 80 62   2  92 46 42 28 63 23  3 61 90 66  13 19  90  45  16 31 98 74  27 66 98 19  24  58   7  99 34  73  19  82
52  33 15 28 10 64 66 37  34  31 73 71   2 39 81 47 42 71  0   4  76 11 86 72 46  9 75  0 85 31  79  6  63  84  90 85 88 29  94 35 42 28   2  17  34  17 89  60  60  27
Matrix-B
100 17 72 55   2  40 31   6  78 87  83 31 23  99  66  2 68  58 67 95 45 64  37 45 20 83 65  74  89 90 91 20 48  13  69 12  16 42 82  39 86 10  7 68 48 26  10 59  70  24
 75 79 54  8  67   8  5  49  52 86  56 78 37  37  25 49 17  60 96 42 38 47  23 94 37 99 52  19  42  2 79 35 23  81   8 90  37 50 97   8 81 41  3 87 91 37  51 37  75  85
  1 80 87 17  51  80 64  22  11 27  99 11 33  41  43 46 24  58 13 86 48 86   2 56 48 30 13  30  28  4 63 30 74  52  11 41  56  6 93  19 50 66 89  4 29 55  84 98  49   0
  8 61 43 10  66  42 39  24  23  1  73  0 10 100   0 22 96  54 61 17 56 57   9 27 86 25 22  71  83 20 54 95 65  74  54 47  98  3 26  83  1  2 76 47 29 16  20 30  98  77
 82  0 90 87  41  75 32  64  99 26  51 42 72   1 100 50 73  19  6 98 90 33  81 33 75 40  8  73  83 30 88 72 81 100  66 41  15 71 77  94 53 78 84 11 15 94  60 98  48  62
 95 72 22 83  96  88 42  95  14 54  96 88 59  70  87 35 44  54 12 23 53 61  31 13 64 14 42  85   5 14  1 82 42  79  74 12  64 84 79  96 62 94 83 80 95 97  85 12  53  11
 92  4 38 13  17  13 44  44  40  0  92 80 89  40  95 86 86  18 20 18 37 11  67  8 84 76 95  34  29 76 97  1 57  18  37 51  69 78 66  36 95 14 68 19 14 45  23 76  45  63
 49 53 17 70  19  82 83  27  30 84  94  9 71  35  24 79 34  11 78 52 12 36  32  5 35  9 37   9  65  3 87 91 16  65  32 43  66 76 23  72 94 95 46 34 69  0  78 47  73  75
 41 14  8 80   9  67  3  59  71 51  72 53 48  46  64 93 97  58 20 46 50 16  77 80 45 66 27  55   8 86 75 14 97  51  51 60  59 77 62  62 10 77 25 98 55 94  51 87  57   2
  2 68 24 67  44 100 47  55  52 60  37 43 71  62  84 71 12  92 47 50 11 59  57 38 72 25 95   3  56 20 80 11 32  79   0 51  12 67 21  76 72 18 44 76 32 50  68  7  30  51
 65  1 68  3  95  72 69  23   7 41 100 10 58  59  61 47 59   3 32 90 92 60   0 81 98 54 67  93  86 93 33 46 27  75  16 69   3 89  1  65 11 55 77 81 80 66  24 79  44  99
 33  0 89 42  15  71 10  56  55  4  81 45 67  19  33 60 37  88  9 58 22 80  48  3 20 27 17  57  76 62 96 19 54  56 100 34  90 14 56  23 16 96 61  2 21 11  78 93  59  38
 82 80 68 49  47   7 57  54  48 27  15 52 29  79  90 83 33  56 53 13  1 63  44 27 66 33  8  58  19 61  6 94  5  43  14 82  78 60  2   3 68 27 96 57 88 36  29 38   1  15
 78 41 10 70  48  16 10  86  56 55  26 62 15  55  51 23  5  23  8 28 38 52   3 29  7 92 62  35  10 54 45 10 93  25  92 11  60 57 28  45 12 56 66 36 10 15  90 71 100  35
 81 59 32 17  10   6 61  12  72 90  21 44 70   9  88 29 64  34 24 32 71 34   8 93 60  4 81  22  71 98 39 62 40  52  15 91  32 52 95  82 91 85 56 42 16 77  13 22  28  99
 60 42 27 16  59  85  1  13   8 78   2 17 84  86  72 19 84  37 89 66 99  0  91 70 81 13 57  30  16 50 86  9 65  26   3 61  79 45 10  66  5 11 98 77 88 51   0 35  60  91
 19 49  5 15  86  96 47   0  64  6   0 76 76  77  57 68 92   1  4 25 37 87  89 72 38 16 67  26   4 22 96 55 97  89   0 86  59 49 80  60 94 53 40 80 49 72  93 26   0  20
 22 51 76 50 100  37 92  51   5  4  31 97 25  21  68 25 82  63 42 54 71 89  27 87 38 39 59  18  56 70 93 65 62  63  60 22  46 81 69   2 70 75  2 58 39 16  88 47  21  51
 80 11 79  3  63  34 23  52  61 63  38 77 36  20  55 71 85  51 81 39 88 84  38 16 78 17 36  16  48 77 79 18 15  79  28 10  42 22 18  68 83 94 61 41 48 75  62 93  90  82
 19 85 11 68  32  29 98  22   8 54   1 83 43  97  70 56 33  18 43 90 51 81  71 10 99 26 31   5   1  4 64  7 74   7  25 47  34 29 86  30 31 27 67 72 93 21  73 74  38  86
 93 36 22 46  51  19 65  31  73  7   5 67 41  10  12 60 33  75 99  1 46 43  51 76 25 90 95  71  36 87 83 90 10   6  79 93  92 67  1  37 21 79  4 67 83 18  22 17  58  60
 55  7 96 65  42  21 37  45  60  0  85 85 69  24  51 26 71  80 82 58 38 43 100 90  5 67 43  23   3 37 68 80 77  31   2 93  63 93  8  17 25 12 91 13 67 93  57 92  29 100
 56  1 79 30  95 100 79  72  65 31  85 38 79  15  16 81 56  46 60 97 30 52  47 48 88  9 88  68  28 50 25 36 97  42  53 63   4 77 13  82 29 72 82 12 20  2  95 80  68  32
 12 43 93 29  98  52 85  76  80 54  55 74 49  43  66 37 28  91 40 53 52 29  14 19 76 85 51   8  36  3 79 69 68  60  89 23  72 68 60  13 29 66 15  5 56  7  41 48  51  43
 45 86 21 31  49  83 25  34  17 32  90 36 47  46  88 10 85  48 88 84 20 40  87 15  7 90  2  73  52 34 77 76 35  71  56 13  98 26 32   3 63 68 32 24 62 59  80 79  98  66
 37  9 51 17  97  44 46 100  81 33  20 80 15  94  25 46 83  95 14  7 25  8  64 48 41 26 16  11  65  8 56 85  3  41   9  6  51 82 84  10 16 79 36 84 61 90  96 81  63  60
  6  6 99 55  41  19 20  78  27 51   5 93 24  68  98 12 33  55 89 40 11 47  21 59 94 52 87  47  13 88 13 99 76  80  47 71  11 42 15  30 54 94 63 41 28 72  76 41  26  73
 33 76 26 81  59  13 99  76  15 46  86 18 61  51  42 55 22  32 22 47 53 69  94 39 20 34 80  68  63 82 89 41 40  26  56 98  41 22 93  95 32 16 20 77 67 70   7 62   6  85
 12 67  9 71  13  12 72  96   6 84   1 37 58  99  16 19 80  30 98  2 30 82  91 26 61 34 68  43  85 16 12 96 89  12  54 67  42 49 43  42 55 66 14 93 89 14   5 47  98  33
 20  8 82 50   9  30 20  39  49  6  83 45 74  35  75 15 96  63 48 62 47 25  31 85 89 17 32   6  23 92 76 30 99  85  63 24  90 28 30  82 71 86 17 28 50 50 100 35  86  96
  6 88 35 11  36  39 33  45  46 41  65 41 64  20  44  1 32  88 94 40 99 82  11 25 88 62 63  85  12 71 54 57 66  13  20 26  42 82 80 100 93 43 51 93  3 70  76 30  87  34
 31 66  9 71  61  40 48  58  57  5  21 33 11  77  79 51 81   5 19 28 64 53  24 25 44 24 65  53  59 54 97 39  7  20  15 15  37  9 75  10 59 91 72 87 32 45  11 61  11  24
 11 13 87 44  11  33 71  70   7 50  76 44 27  19  28 82 46 100  6 70 79 49  69 96 84  0 40  80  88 43 59 63 69  82  32 19  52 11 57  68 17 81 52 85 57  7   4 16  75  53
 83 12 16 37   0  57 99  19   4 20  88 55 18  50  45 43 63  20 73 45 92  9  19 44 54 37 45  91   1 65 23 92 69  55  48 44  45 27 36  17  5  0 80 10 74 21  29 27  85  78
  0 49  2 22  47  30 27  91  45 54  75 88 39  44  24 43 47  45 56 16 63 73  50 76 87 47 81  26  35  7 72 59 61  69  32 88 100 65 33  22 19 95 14 15 46 13  65 48  66  52
 47 34 82 69  30  14 84   2  59 59  28 98 82  25  97 48 52  69  7 49 12 42  13 86 83 77 57  50  70 98  5 71 78  17  74 81  79 55 54  15  3 77  9 73 36 30  17 55  98  66
 96 34 14 38  76 100 36  95  62  0  14 18 22  60  57 63 70  65  0 75 31 95   4 55 39 77 91 100  50 88 44 28 77  18  53 25  66  5 36  80 44 59 89  0 88 17  31 29   7  98
 24 10 62 77  58  18 29  82  89 19   4 91 90  82  72 24 89  82 12 41 51 35  40 56 85 99 32  35  57 23 76 11 34  84   5  9  11 41 60  29 23 51 29 76 25 37   4 55   9  61
 12 38 96 89  76  41 23  24  65 20  84 38 31  85   4 40 90   9 73 70 81 44  17 50 34 99 41   3  18  5 37 90 87  35  23 98  83  3 69  79 13 84 34 76 20 17  47 21  25  72
 39 36 59 19  42   9 45  56  73 50  44 45 56  95  10 55 81  97 39  8 27 94  46 53 91 35 71  37  96 24 63 98 75  77  87 70 100 31 61  22 62 28 63 33 11 29  49 65  30  60
  2 47 18 38   5  65 37  98   3  0  89 53 18  92  26 35 95  94 48 32 65 19  70 32 91 46 87  89 100 36 93 56 80  77  32 10  26  3 41  52  3 92 53 70 16 21  77 49   5  61
  5 75  0 10  58  76 24  95   9 94  60 86 13  66  31 93 96  16 42 58 68 79  36 88  9 82 88  35  52 75  9 65  2  58  34 40  71 21  8  18 27 12 45 37 94 43  25 20   0  93
 93 80  8 22  76  57 44  72   5 97  61 22 36  83  38 31 16  95 81 88 16 85  20 74 54 60 41  68  80  6 29 80 48  62  52 91  76 30 64  43 82 66 77 42  7 96  89 30  22  79
 18 85 50 95  50  56 49   2  69 88  68 37  4  24  47  8 62  89 97 70 94 52   6 73 46 99 42  78  23 45 58 60 73   9  74 32  27 14 17  46 65 57 65 92 89 40  92 28  27  12
 53 33 10 86  87   1  4  65  51 82  76 82 69  44  77 42 53  13  2 15 32 23  36 92 13 66 56  99  96 91 29 52 89  88  33 60  54 94 37  65 90 19 55 37 77 71  65 17  28   7
 60 87 44 20  13  47 90  39   0 54  31 73 56  94  42 46 34  67 21  1 90 77  64 18 26  6 70  13  71 15 80 36 35  67   3 88  27 65 96  68  0 20 69 63 80 21  42 53  98  47
 88 55 40 98  75 100 78  16  41 87  30 42 95  24  60 47 72  94 53 90 11  1   4 26 29 69 91  91  81 77 34 74 64  64   3 88  65 35 24  51 71 46 99 49 35 29  35 19  98  50
 74 13  5 97  76  82 77  18 100 40  82 60 38  34  98 81 48  23 13 32 70 51  32 71 20 61 97   0  81 31 68 34  9   6  13 21  23 17 75  48 83 74 72 37  6 82  70 47   1   4
 17 15 83  1  64  57 77  70  36 66  47 20 72  45  63 16 56  63 38 86 14 81  24 48 48 95 73  47  18 36 94 97 32   5  64 30  71 66 47  65 56 89 57 65 28 87  30 24   2  33
 82 73 19 33  40  58 96  38  70 13  88  9  9  45  30 63 59  29 11 58 84 40  49  8 84 38  3  96  47 84 28 10 12  17  69 49  26 10 86  11 27 72  1  3 63 34  69 59  14  92
Solution
121340 123086 115177 118766 134536 132880 136408 132472 117135 116389 137112 134208 122708 143182 139855 121460 162020 145512 133306 128893 138995 142787 118670 137145 141637 134280 142534 129273 125495 120159 165107 158243 136232 131616 100084 133315 147118 114188 128920 123517 124894 150965 142790 145507 138648 123721 131531 125847 126116 153279
104357 119991 117405 119138 129029 125724 128965 122929 110043 114014 129740 135336 134995 135372 132043 115673 153182 142108 123235 120592 120352 142671 112252 122188 147113 118704 140648 118262 116934 116355 156197 146304 148897 129168 101575 140858 145749 117459 130799 128486 122080 156904 132096 142113 124386 113400 137615 126799 129151 134997
106177 110579 105170 107469 107399 116140 114202 116033 97720 114361 127113 110893 121055 131201 125339 107170 131481 126664 109703 116414 117535 116752 104279 112284 128253 120201 129592 111326 117449 109886 144731 121367 127055 117327 85446 129389 120831 108177 128463 116137 108417 133117 119248 134759 114498 109481 113820 115358 121051 128803
113356 119604 108824 122581 124311 124517 131015 127558 106704 113111 141059 141596 127502 142224 146493 110076 158014 137558 124167 117318 139688 133475 113085 135172 144795 128758 153011 124189 118520 128442 157927 148576 147683 127072 102654 132868 140972 132055 128746 132499 119505 145195 134334 148853 135422 120596 133973 115568 129219 142064
106933 110901 124499 116890 123386 124580 127376 122637 110818 115721 123279 136861 118774 139159 133238 115219 152012 143279 122218 124717 130245 136753 105287 126326 150121 119108 136507 117400 123503 115134 149129 141909 142693 134101 94015 127612 124715 113960 131200 119557 118622 150691 128574 148457 128061 108473 132842 123532 133221 137854
127189 113705 121208 122346 131894 127676 129411 127215 128164 117513 137219 135478 125915 132879 142884 129693 153503 138639 119484 134695 124786 136527 102352 133026 151458 136025 147022 120542 119054 126271 154040 138430 147462 127536 112940 141536 145901 114401 129454 121412 128503 152783 131082 131246 127113 111958 131072 124835 125027 143055
128644 114648 111976 117898 141447 139073 129333 136335 117960 115533 149975 137027 128752 150408 144227 120048 159511 142545 119279 130141 144913 138770 105788 126930 149661 144853 151696 135503 123158 123085 161679 139078 142070 129769 104389 127024 140379 122687 134627 127103 121785 146519 150790 139812 133961 126359 133521 127248 120294 150007
108454 86377 98607 99508 117914 111998 109021 103260 97082 84253 121254 112755 104385 109486 116351 104330 131500 113160 92616 110570 102235 111772 88335 117364 109715 110911 118010 99444 101264 104228 130555 121176 123705 112356 84128 116956 121887 100162 110648 103329 102597 128951 109727 110332 103983 104114 121829 108096 105936 124230
120837 111057 114428 111863 111352 116592 124093 117346 107353 108662 139195 125877 124265 136611 135451 118387 144638 130384 117871 117161 128352 130227 102320 127320 147330 121937 138694 121691 124750 126585 154005 136123 143078 134043 105677 143582 140228 115634 131653 122305 112814 144580 127526 134900 125450 107963 120999 125319 142538 150002
110709 113719 110446 124279 130992 121301 124400 133064 107523 104820 130263 144682 116957 135422 149637 119426 141580 131992 96916 116091 125898 143646 115941 128266 130555 118969 135268 121867 123459 125317 152672 133174 136536 127111 99309 123289 132059 122212 131379 115565 112211 145221 135142 136676 136295 122799 138919 133610 117409 131681
117445 101987 109580 118979 117304 109344 120646 110127 110319 117842 126305 130225 114578 125192 139593 105847 139784 135359 110835 123936 120066 124201 90848 135904 135436 119734 134014 114793 118116 122912 138670 132345 136413 115495 92250 122900 123269 111286 131247 109784 123087 136572 127716 131567 117971 116662 122971 113344 110876 135486
112221 103737 111756 101644 128103 118146 118310 113952 108027 109854 134540 120030 103496 128650 125839 106637 149152 126234 116618 124012 123311 130062 91823 124594 129010 121101 127405 110951 126102 116124 143231 126860 121983 116792 102950 110556 125717 97390 116554 96969 116436 136522 123065 112516 117084 105665 125568 124962 111249 135655
107197 98972 97015 107140 124761 116067 111460 120716 109480 96730 130858 125414 116268 120025 131145 108602 147302 118958 100738 108050 125254 121383 104871 124771 134245 104742 128273 117071 118275 111705 137885 130777 124586 127475 84172 110316 117151 114861 116989 118052 119740 134071 127821 127609 118205 120568 127532 114234 107242 128970
121557 112155 117129 111219 134542 124176 132161 139738 113594 107229 137721 137752 113889 136025 127512 121597 146054 140283 115878 128720 127253 142669 108222 122572 135619 129458 133228 119314 121518 112786 157332 133563 123919 123878 101186 116750 126721 125577 129986 111719 114018 146795 127266 134208 135404 108789 135220 135111 121147 140845
119480 113808 112281 123538 143126 138535 129835 141318 113997 117656 153557 137855 123568 146531 143816 127771 159879 140331 103128 132203 129518 140924 107405 133440 140502 134662 144086 134477 130609 124225 163294 144883 152881 141042 111605 128922 151443 118383 140374 122102 124982 164008 144572 137852 131981 125597 148051 134090 123022 138885
116711 108248 111116 116907 119211 123676 131438 117024 112846 103843 141162 120129 127887 127105 143607 114361 140968 131761 107347 121849 118426 124072 109819 120273 140232 129171 136167 129169 124528 127451 153371 134989 135520 121805 106279 137057 128142 123040 123925 122848 113924 139699 123868 125881 124549 121730 123234 125768 114423 139302
118126 112317 108264 112273 130079 131060 118336 111750 111178 107142 132762 116610 112642 121558 128165 111404 133442 131264 111349 129710 114688 128064 104860 115090 124659 116624 125622 118894 112623 109378 150253 125725 127425 122069 100249 122924 130022 102734 124415 116757 117406 140332 120843 122307 123622 109907 128699 116301 117077 132772
118094 110324 124192 114433 136442 133624 121303 124449 111431 117483 152652 125955 125144 126572 140014 114707 147544 143227 126574 130925 131400 138149 103005 131731 146841 123269 128917 129595 124184 119855 150077 149221 140588 136747 109675 127719 145455 117863 121286 124543 126465 151719 144731 127310 131904 131561 142118 129141 132491 142810
137689 114535 130436 124938 141227 132990 137346 127884 122347 119326 152523 152482 136316 134870 138953 128153 156696 146350 128225 134266 138643 149008 100385 142377 146294 145609 160182 129748 122404 131848 157184 150947 152591 136154 114026 153092 153690 127056 128119 126658 117568 155408 152289 131778 137110 110405 142444 135158 140871 160346
118668 109638 107041 124615 131151 128164 137137 131117 108889 120460 135899 129815 128499 143528 137776 124504 144615 134476 113055 122090 124090 138239 111069 130793 139438 118939 154106 132788 130694 131413 157080 146141 140425 126676 102364 131708 137197 126414 125010 131170 122561 148299 138883 150256 132198 115913 128805 120218 125771 131557
135184 122814 118040 128339 127765 123752 122857 134356 123857 124083 156629 146026 125647 141268 156211 122727 157779 145566 133557 131265 128783 140372 110333 138781 144822 146145 141638 128381 123906 136859 159436 143887 141755 133531 110182 135123 147453 123816 135503 123308 144064 161539 135272 139100 141422 132542 149985 133023 126730 153251
101355 89375 90954 97690 100738 100570 113071 93402 83852 92091 108577 95851 99479 91071 110157 84559 105258 103886 87968 109193 99695 103933 71400 96901 102753 105620 114689 102165 98991 104775 112097 116276 105207 92671 92568 106172 106615 93920 100085 104283 91246 117781 96589 97453 94318 87249 99570 87805 100995 117987
114501 95749 98207 107262 107475 112641 110297 113698 104055 98676 129133 114724 102759 123596 121151 106422 123711 120356 98512 107111 111198 119506 83735 96229 126897 115102 126515 117937 113489 112508 121113 117388 122942 109333 96767 110934 110865 103352 113012 110154 102876 122084 120491 111090 107472 95830 116721 108824 111969 120947
100003 92284 109639 97580 119125 113604 98958 126149 97308 101185 131947 122273 110013 121754 130077 108257 138935 127971 100680 113156 108768 116820 97894 120458 129865 120236 121861 113616 114149 118831 139132 123256 125907 127200 97047 113552 131285 111660 100507 102748 101049 135775 120601 112775 119618 110641 122932 119319 105813 132786
128463 109319 114801 112291 126139 108658 126722 133875 106174 116950 140010 142553 123012 136541 135007 109687 140300 142674 124721 116623 128872 138722 109012 135611 138079 128154 147883 129103 122394 131629 152245 139872 136660 125190 110968 135836 136263 130266 129635 118544 115992 136700 127500 139045 135529 115854 126224 123576 133258 148706
126638 117752 129754 115168 144335 126344 134809 144788 118384 116111 147474 144265 123155 142503 138757 122323 161255 150189 120360 130608 141149 142142 105256 138263 158254 133577 144839 137964 143326 134074 153007 150338 153411 139070 116495 136264 144837 129312 134526 121063 116106 158113 144939 133807 133566 117726 147713 141900 142266 157896
105847 99996 95983 94649 111034 120772 116437 113633 102356 104358 135921 117607 112211 117209 121018 115497 138020 123342 105772 109556 124123 110963 99621 107611 139977 112452 125301 112872 112204 109623 143154 120777 122697 114105 92244 111629 124657 113333 113620 107727 100904 137201 120703 120259 113306 106588 124697 126537 125646 127947
133610 125269 130774 122752 144326 133969 142177 135217 128901 124446 146471 153200 131522 150486 154120 130802 160194 150517 128806 141315 141569 161171 114354 150007 154646 144264 154424 124518 135458 134117 169333 147309 146083 141961 110584 145122 152656 127077 137950 118369 131127 158572 143686 140456 146681 119623 147328 143303 138128 167899
107923 100710 110388 100587 122733 122787 123923 121060 105000 103921 127983 123766 118174 125009 121342 108404 142514 138033 105470 120104 121533 122296 101167 118268 141128 109709 120180 115597 108740 99956 149519 134055 133789 121767 96727 113426 130966 118899 132701 111593 106587 137783 123667 128137 121101 106071 121894 116938 123615 133248
109745 90454 111595 111072 121723 115798 121875 133776 110445 100132 140598 123277 106854 134392 124448 117763 151226 127714 96266 118645 120876 126458 98696 116956 128585 125658 136207 116675 119920 119427 145222 126304 131462 112464 98407 104315 128235 100646 121732 111273 108354 137297 131012 120014 118702 109226 118288 125541 110732 132473
102291 86391 98924 87792 111190 102012 90231 103922 100262 87774 120169 118205 116052 117411 124109 93110 136415 107822 102142 101655 111140 110871 92364 113058 132362 102852 119783 105721 94297 109665 130602 114066 127227 119585 78159 113908 120041 109830 106231 108847 108403 120526 118950 110864 109356 105230 112807 109612 111350 127737
114985 108314 109682 118034 126546 126604 131095 119420 109638 106994 137187 132125 121077 127901 142450 114179 144228 121695 115769 123981 130279 131984 106736 118339 139421 124850 142355 122475 109356 119211 153074 135483 132346 119160 102773 123110 122878 123406 121708 123506 120212 139974 133560 127234 131644 113335 130915 120106 113141 133563
101495 97955 92243 94997 110528 101831 118028 101065 84988 103465 111515 113441 105103 114830 119239 91391 120610 108111 99514 109871 102942 115711 83732 108747 115209 105121 120979 97734 95216 99597 124618 119155 119064 104946 86205 110444 114428 98470 111652 97881 111192 115062 110640 108262 108738 94694 110297 96990 103267 117454
132051 115642 128013 128340 150624 144408 132532 142090 122906 124101 155438 138789 136204 148694 149064 127152 166582 148170 123245 143447 137302 136825 104219 140588 152359 145283 146461 139071 135926 128280 168355 155372 155674 145678 112599 134111 155004 130062 138136 134577 123819 167829 154380 147162 137246 126759 142868 138329 141661 154578
123953 110496 110689 124518 126817 136963 136727 130897 108633 116290 129919 135077 121308 133496 146848 122491 146900 138737 110091 131142 135854 146152 102750 126373 141669 120552 149776 125384 118365 125161 152872 134303 143515 123651 105564 122028 126645 114611 129796 132589 118711 149512 153309 136143 125671 122812 133054 126603 124803 137088
125768 113497 123610 112235 138407 120610 131295 129304 125130 118276 152814 140198 121131 139709 144767 118071 157196 141486 109777 125442 136025 138534 102569 143768 148248 135740 141599 121799 129692 128143 155795 146256 138415 132752 112822 135917 147832 119686 145109 123501 122372 164871 124738 135356 132365 129646 140181 128457 123880 149847
115782 109238 106759 124863 125281 120471 109394 138784 105977 116246 141199 134950 124795 129544 138887 109044 147371 131405 127079 124248 121895 137482 104104 130609 126815 130990 141931 122984 120003 133886 147743 141376 138689 132676 103969 127231 142002 123640 112283 125588 127767 152740 128333 131212 127034 120647 137830 120216 124863 147651
96293 86848 104786 91721 102755 98944 112190 110740 94666 88141 119178 106084 98214 108689 113902 95415 128110 109133 93400 105713 109052 119200 88612 92822 124332 99262 116829 104175 108403 106431 127218 120137 111269 98921 95962 101993 114291 94673 110662 97819 101599 128798 109400 99403 91542 88416 108597 108944 101622 115277
119834 106416 106845 127823 129638 137572 130651 134060 115464 112573 145508 130249 118443 151316 143443 122289 168475 132001 102409 131198 137290 126569 116616 130691 148544 126533 136958 132157 134755 117382 151906 138938 139927 129194 104066 116282 130840 109971 137225 119233 113227 152879 134934 147019 127775 123043 127443 129238 117969 133986
124887 107630 115613 115036 139131 121355 119149 140805 115807 107913 137417 145022 125826 136545 148275 112153 163180 138928 115713 126234 129765 135027 102382 133122 149266 141189 145713 131966 128018 134649 155997 142592 135700 134277 100491 123528 139151 128570 130300 127843 123793 159769 130279 141986 127855 127987 133613 128079 128408 154129
108820 115290 110233 111473 127508 126209 140412 139856 103630 114267 142920 133503 116348 141072 135379 122208 152494 130452 108862 125211 138219 148150 107484 126399 158453 107030 139867 127377 129011 121197 146034 142060 138867 138671 104518 122500 124919 111950 137955 128815 116377 153816 137640 135003 126458 120874 137121 130766 125792 150800
136107 126809 134428 131353 147652 133856 144141 147980 131053 129691 171507 153007 137260 157449 141983 138864 167456 150451 144599 135576 147773 155520 121765 142720 158576 148106 158270 132432 135674 131551 173990 159280 156191 142094 118223 155691 154785 149455 142227 133948 136225 157435 147479 150157 151568 124808 155430 151073 145573 155468
128354 105050 123446 120925 138150 119459 137071 124923 128576 106043 133944 152331 124426 136988 147978 119004 158203 126533 107605 116389 137852 128087 103536 125890 152793 125748 137539 124205 118043 127097 150021 144396 141473 133431 106890 128986 124833 136925 137137 117581 118803 151383 135090 134313 129364 119956 140765 135567 127060 140824
105388 125806 115585 117947 136967 130523 128894 135934 109477 117688 136721 140586 125144 147700 131172 120606 162925 141557 124249 124219 127507 140547 115374 131305 138928 129879 136123 125865 120793 115429 147122 154307 145513 137116 95433 140633 148579 118739 125005 116224 115707 146944 138332 137929 148182 113121 135569 124634 127218 144115
107282 76928 112378 103017 111164 102245 104511 117063 113961 80399 121878 113158 108703 111432 121178 105067 135358 108808 80631 114000 112399 110749 88583 117253 134456 109234 119121 110759 109881 118192 130006 113405 133684 113933 99686 114389 118859 100201 114069 107854 92135 144314 111523 102222 99706 93383 112173 118180 105488 137298
97841 106792 105088 101617 112769 101726 116177 107549 90289 86247 122886 116816 100659 125415 119044 97856 131582 113674 99792 110701 113942 120041 92199 108467 115246 115417 114712 102270 104199 103366 131197 121250 119416 112801 83834 117914 117110 96393 116548 90911 98800 115479 112213 109448 111912 96100 113442 113920 97504 126313
111770 107327 101108 111712 118247 125266 125509 119607 117042 105252 128086 127951 118520 116495 129337 119412 134289 116361 104895 121664 124332 127286 103567 114248 130357 113876 131904 103101 104010 112860 144169 122854 131530 122264 95834 128493 123040 112814 119849 120968 107338 140077 124542 109172 119271 107235 134436 123761 118288 146367
86324 96575 101728 107246 112926 100537 102725 127000 97717 98842 115728 125984 96471 119796 120595 100174 132303 124449 98703 99842 116779 120462 91971 117475 127554 114619 123993 105642 108991 110418 128479 118845 118243 115580 93214 103736 113962 97480 105008 100680 92132 141713 105823 127425 110253 102504 113316 107159 105392 123452
121260 103591 102474 113239 114278 123690 132451 123661 102281 100931 139867 118912 114881 126646 125027 114592 149934 132532 104344 114886 132443 128063 103853 123244 134411 113922 138396 123387 129143 123408 148275 127934 129801 122412 102317 115381 123387 108780 121837 123211 107010 148665 121488 128024 128756 102572 120638 120468 120878 140635
107113 88260 107167 104784 116353 117303 119160 114652 102859 100040 127473 123452 118022 112478 123002 102134 138744 121983 107463 114694 115816 118002 83824 120179 132836 122559 145007 119395 110878 122495 127977 134666 138590 110911 102087 120488 127765 111277 110338 113273 104040 143498 115029 114545 109091 88850 112464 102382 122269 128867